
608636563240255498
238350296093294592
417576120146198529
806611843262185512
777302601825910795
457623361430749206
816806556439543808
880914601640861747
381495555282698250
285989848228167680
209999578924056577
893103307667677205
285482998856417311
896114877800800307
304922104200036353
571798174717706260
693754254179041311
877472725956960256
444873908118618122
398236708736598018
731526885552554064
872956802331967539
381447737276760064
491437626591805440
752729529692455042
295696148025311242
302176593730863104
327900282295943170
821268782865186838
892296655112634459
700329668871585793
803654601555312651
793821050525450260
396620071385956353
483993955084795914
769625072578592779
343010983641481220
120390275377004545
348438337272676353
882340564182392853
518631028240285697
316435122742362113
860475494138249216
241384413760323584
693483645364731925
818045552632791060
287561888643022848
568135709156966411
883782410490249277
494939576503107591
251210758346506240
271770911609192460
329870822183403523
730484109188530257
506945707182129163
817028990098735184
774251695000911872
838131742308302863
246733902096367617
798373339529084969
352717206204841986
298580134443614209
593062348621873162
665922122207592478
347766006376038400
130273333156642816
825281593010552842
406845521257562112
179149849097273344
303557918803099660
897101757367328798
898857645677608960
855202690074279936
295802583392714773
279734380778225664
841738936552652860
260708171989909504
577843822948777984
493551095898177536
898632884536111186
804375434979966989
328180639587368961
505425982296031252
591732719482961927
894684801896956014
328135577268518913
123602784338575361
385255178867048454
268378944112164864
725773772648349808
614516565198635048
839789136026009620
894373203340849176
808823972623941686
845696425353936956
897211480326406225
357271871223234561
424254610224709634
922392647476338709
451156283362377749
694656276986200104
438038927438512129
414363426878652426
478838721953660938
400091358544527360
840349050674348036
190019630952218625
692656936570716160
714470275575578635
197952941179535360
297431761510727681
702724239786115095
884496994419212308
358550938656440321
458144211397640192
821656373154283550
458726776890195991
772566190136623155
276353246598135818
518631028240285697
362090375784955907
889663003069407294
462830646444818442
594621692433924124
839119358105092146
551892844521062402
899695365501120532
841044914442731526
339135295599673348
446299850330472459
289734964080279552
801820372596162620
825328396392988682
680184952540626954
432865848588369930
202325336791318528
430054326929457164
700975965807050804
652520659728990218
831221281335541811
370342713507446785
871001264169840671
547060533191376897
867425562136936499
695298366422122497
400950650818658314
336756240317153280
641938770618351616
862805263906897930
854588497171841054
888129425848295484
864885777337679892
465702330906705951
282234029867139072
475106862308524066
707934125725843507
281351216041295872
496044385176256512
808648630151151627
871391841327677470
695221697619689492
476491584855080990
370562767113027585
111882212428754944
780077015319314482
397647783361904641
466722211395403776
898837866707292170
499067884807651328
340076056998445057
888164352417476698
373003318563307520
515723257111117834
862642349272465418
805518446938161153
807595584214007818
835837235991412747
628283148358385674
864495287970824232
835290633211871262
746773519777398844
532810630797983747
463766823595409429
859976087006478347
395357257778331649
715228486461292554
901194394588295208
734441240417796136
861190399829082112
851869090972565514
775402276835557427
765754820811423746
865857760696860682
66280596124471296
889076291435896862
673531407267528704
693629354457956383
432541064507949085
284605583494086657
195389948944187401
658406179667574805
456729636764647424
494882993299652609
814502142152015902
195191566552268800
546368786995871754
357161012585037825
588724419644489773
519405377054441473
380406980449140748
887642830074441749
241276757800517632
885767704915640351
530472913644814346
517754496022085652
818673723967406120
745861072820371457
292222531505618944
883187493124595792
363186159230124032
396146051595108384
762921218671902772
392948775787954178
828474040988598274
383993370927955978
365812036870995969
883723124217110548
735897504457031701
450964534828466176
292364786417795075
132684227966664704
398874743148773387
834575932533637170
525653684550500352
813220304238805023
813323657195421712
303075139132588032
898184761309265920
791648176041754654
919724058864664586
862703423253905420
272673913773752322
774763924657799168
752174615773839434
753462316736970752
478968510144446465
752993910451732620
551423314522931241
259702438942998530
393240183400824832
737821169301979216
352092595335462912
543723454386667531
918159541995208745
749444017237917787
907098790853484554
416272906683678733
778961274825998336
920891162301173771
377494344829239299
310961689275400204
207069398383591425
902468868621086732
523459375919267871
839573979130888223
699010232118018168
924762695746592798
426852431964405762
520471827353567232
847957424665133106
414484999610433538
857039275685183530
905705556784857118
921441631541030963
209596693644181505
758022912816185375
295880048022519808
564751195818950679
873091720911400960
740423630340620399
396929811185926145
875813549593743411
176066141662347264
453524062552195081
829681178658209864
298730921903915008
396726935872471040
898169923304554506
754980968359526461
886553246817193994
760356326932217888
888140815271088218
726492127789449266
512300188598009886
842126030663188521
793743631127150594
286203292965535747
467202759016579112
316466969870073859
744462860343836732
689453720479596603
194873448474869760
927761183262527499
819304691308429344
918890665750974474
392019908252139530
837689226396041237
626065045788557332
451816977833394186
925567529424916510
897959356254011453
579259423071928320
655466669208109096
715547395378643025
926366082829279254
863087556547182643
583249397664448532
877258255926169670
915543037717921813
923442302888857601
179980293132779520
421830650505461760
917368923089928212
293749632738000916
516285806197997568
597482069068873729
916062545964593212
788299948403064842
720469270705995837
896097737660043286
828790889308356639
470242437026283550
761411561557983242
852821784738136096
922471464899342347
831247780856725565
931144611420839946
626378823868350474
855142154421927946
859041125745557525
423838630671286272
775690068123058206
627223966972510227
732500688134864948
905132708332732456
785675483567489036
346354776625119233
665709681754243073
638349845211512833
747155924568768608
858313963221286936
899465036538458114
389080746670686208
717422494558191706
787408436500758600
890246887133818882
697405381953060904
714337432908202025
920031576748879955
887520370410803211
516108453018730516
885896842439712828
895316353429438484
905720606664826910
878808878031204403
827219494656278548
917115958814982235
872836700924170250
899584990138990602
929598604417597460
318467975902658561
843860434754469889
682644836586881039
403495524822417408
912205046773583893
662424553296887808
864832837529894952
690738950263799808
908371316401397771
882710345486065734
894281833481650186
695264281393889300
843697589055914014
922786021198942208
886269039998009374
871647373686890497
591072253219962895
545976861570760714
119469582405599233
366308403649445899
859131200395935756
674231588451516452
687605830387761172
769214964707229759
912785516146077709
741349202969493625
911142188606447626
118039442597347331
98913813440524288
557434548863107093
410434212160733194
765451776802684998
811052573167583283
819762928781099038
642831506938658856
554314060854853673
847005743882436649
626835169571242005
923670906641981480
888250924261343272
857276350913970189
270973534228971520
903322628977205311
689180838381879317
322845755612069899
499982625386004480
831323364547231774
330116638370168832
920460839725694986
913722963117871124
779349258259529758
250292789429010432
196575466377838593
857520990145609728
208504062130257921
848839054023983104
376048647571243008
917043661190103091
752548744792113234
879948302349635605
917053425760469033
690729024892174387
268084001552465920
749982448875733122
747767199418155079
900439760735182919
601327375783034882
904288673317666848
257654400607191041
928800754507071489
497760412440330241
320665829568020481
830464382865375283
387559022066139136
911939254668652594
305342755356409866
916245422098513950
925391356422152192
300254997185298433
909069392409661460
132110054798131200
763517289483075635
866362739483869194
774084070162169906
771355322181746739
361930376484225037
887672250243883009
910843601515331666
925416896340328510
881186191930691655
577875683707977758
894946993573621822
825316855207559181
867601850052378635
588326253266993165
922022470557523969
893382440352100412
804775792755605506
615704912071884812
925001807615373323
388416532473970698
909741632860065813
760947452240723970
239101164061327363
900563207075295242
377766921896067072
396307295253954560
832989372709339187
756242626067300512
767974415735848980
735177855050186873
884247933258715157
658078594467102760
810658030450376744
757812566352199802
847891650663415832
687508709588467736
704760076329549965
488553039427534848
470723870270160917
227760844836962304
261940555662098442
278644130106703874
726927926351757383
886649397327331390
642051459591962634
368045715810942987
157146606334902272
760801541564923916
519892011013111828
691234887864418345
379299838673813514
478244377534267405
730407161615876176
217707690401595392
584584520322252810
679369673115959297
297724434922471426
799092537598935050
472633964629327873
894428332094017536
846176117223981106
700188475168784424
876238940586250280
610038687618826250
830443092435795998
302050176657391617
310514078936465420
821339371835097108
820025959142391808
675806986624958504
326758329877659658
341174669619232770
345871109733744641
306544056459198465
412685319381712896
384836216614289417
266611088454451230
847195992235442176
789641530595344414
190547491752640512
910053308033548319
437547682396110849
761582359240900638
382523903563661313
857786490628735006
803569211834236951
922562792253448203
804348206120828928
513929280112295937
834596436775141407
761494757452546079
781341177315065917
889686921117306960
322549705089482753
655705895749025801
220946764482478080
591993413134712832
530082442967646230
431127016243331092
904367566909227128
802535989439889438
371644613611749377
860224307148881941
704645433275973692
280260473671254017
119208041160769536
903772866095489074
263724861027909652
859013624990400562
548866981797953562
352968104420048897
611991638079963146
701139273843474483
921774873129406514
789763550176477184
612819995604287517
922261962820313108
601582378149871616
772219322956775435
265281007396192267
521340705176551428
804600621683572756
701004461606436925
867476501888106536
604365014136258561
222443632857186304
180872666964688896
216746547243778048
367262685567516674
875330314879238164
244923121067360256
369873999062106112
499782249965682688
882802974173319259
741855059851345982
484072275927105549
722530347450892298
356016479453446144
735614798812938271
618565948126920716
868340463852224512
305085177653362691
891456161558167594
850081798578896916
415992208789864469
266768995343007744
573172888757338122
227692798093164545
752997856973029518
336478722972450817
722449116247883848
891868919244156958
341620163780673536
367653681182801920
422328628316209152
923970599305502770
547204721127981082
178607728447586305
925750017451491358
669372297928245251
848582975356403743
707137655170924615
929247321751961610
826858504018853909
306413541110317056
273789806159462401
542092396062703636
836948992965083178
509671076947689487
566399693022691328
275398140717301760
589614230878159049
817194998026076202
583970658099396628
833712515456040962
902705727959887912
444956833577304075
363258146392768514
928400903403368449
888307311754498079
906400272862027786
886178734305062952
691674697477128224
836818047200133150
500415659994382336
243791270554763265
929045306807554148
352193824048807946
600444108166660133
263786944763265024
918110506278088745
283636297804021761
218183065816530944
732430448872915035
804065690344488981
329739850628726785
893317823005343764
835397064108146688
772732912419602452
454067570211815424
365323842312470529
745379190051962892
448913064620982282
889625327654023219
708832260161405139
365986758615236610
335279527104086027
672183208145846323
557628352828014614
899947457381826580
907118073910272062
852924382007394314
748171202777972797
704254112056868934
909209887358214144
781481085539581953
184347642040418305
319267720312913921
880521108204433428
863174597267947540
793387933373431808
867505053370548225
88709136308514816
789139001168756736
348057099965825025
885073319374761985
927031357006307348
530014521260113921
782346398154620969
922954241163788289
376063178657759235
541768524901777409
535129782409625610
802258424954880017
882255263061643314
463268170069966848
359444249323765760
692045021045719100
910235102452264980
409515158151364630
403572300726927360
708015604598308865
419897046552543232
292403636338688012
721044090392674374
437104900187488257
407030661979963404
776912106472734780
456333467333033984
620681287962722304
777200447991316490
867609731702063134
243363448212160513
408862194407702529
381534775996841984
434477371089879059
663175477736767528
692182787117154376
742016967774437480
689143872248479755
879572806348705794
219651634723160064
895649825826177044
307394158220279808
708012526025179229
387343529732603914
442220794043695105
703355000138760253
313090930343280652
891304045841645568
695074403318366318
471394728848523266
551519647112101908
918956616605368383
332860679537295361
710565475150463059
758303513683296327
833592671988875264
400471942953697281
567044002982133780
255539245505052672
247174760923004928
392799535166128139
782704965612601364
873004767885021184
705533207193583718
845024279532011540
853486662657769472
833497982560108576
895097951083438110
756611864837750976
930301108004458517
210236160369360896
689123851719803026
698163738196312116
490814143582961664
605793787742126121
540539793239441409
602173196036210719
548414876238872576
820000882086248479
292827518891720704
358596752108027915
354275031037247489
385286937088360448
843166350713290783
705884379984953405
918592823153033298
920183449787174933
