730291944311357513
720780579355885678
509866817112506369
426244884542914560
122691973168627712
604510600332050442
837375808103252088
794544372981039116
881122719092051968
453602694243024906
581488375782047745
146425009378820096
481817050151649300
738751554630320188
338671470165229569
492166788155572226
511282897567612939
448490642759221258
345921414299385868
547834806939942933
718190193194041435
209821886228594688
450143729903206401
531551723400069122
350306452394475521
613497841029218324
673459930061078557
667232965289443328
683461785814302724
627846314066968607
509247767781048320
140685323922309120
186981783512809472
515506114406907914
829673487399518268
735716835650961430
277290695272693761
810753911107223563
177645867803738112
919655758851899472
496793743601434644
843811838919442453
86508829004533760
422990562258321410
391215248029384715
814220869248614430
458515059375603732
314865906247532544
492336113436983308
283060896266321931
848864163299065877
527298924692897813
249362712545591296
877379882013843480
828000658899730473
687614612048576547
570850796565037077
583288787338264606
696207973990531168
509788187422359552
576682708877443073
423454633894215680
755804178261082149
678091679504269324
923978326891192350
847157637598806047
371085750906781697
728294324420476969
890288649848098827
492010774017998858
924292916166406215
924292982633537548
890222075741085737
660849757341876226
802785529263161354
152294801029595136
296791202051784714
385433544882913280
639289785214697472
384303395890266113
590439490708045825
186907880614658048
849405830972440666
840537599121817630
396301440441909253
538580354936864793
624049306642415665
339379666257444866
702146860948652132
674784518313476116
638482038961340416
813324395749179442
870450562662014976
285454421004124166
300088318287282186
881395395039744050
665310239750619157
381737499476754432
356897061976670208
802699228329017355
243828978337579009
646771496491941957
901467038948675635
580293507546349579
380995476574568449
688363565257719858
238682820682186752
896011609590353940
427957409068089356
831948231238877225
682241208567070779
152084600728977408
160914548457603082
284699600185458689
644208137775218698
211483621729501185
646377196595970048
326665493714829322
257980586621272075
405213245956292629
412472218463895553
704046049823555746
747562971634466816
476733849683099658
923672272965877831
651159760305127457
405678479938682882
271853141450817537
683031233017413702
742142307368697878
789520818593988669
591313661650403391
547425873712906242
298866392969773056
928565063705575494
448899330288386062
914635825990467664
808473119256870983
746215895931551806
454377307713437696
769808479514525717
787003347584548886
447707978314022912
442378750311530517
507966736440754178
384159187212435457
498089282020442112
925373509578915850
602506610249826315
718797861860540417
506078670193164288
527155641354027010
919015216384196608
692382094885781624
887760179456790578
151701825119059968
695577799582416926
327184355715973121
722276235765612575
920116842402557993
221566188323340298
373815752085471233
533265404676538368
428393320021098507
922972086065053717
854142472401190934
272491963343699978
609785941791604736
806972789641838613
611777051476754432
559770629507645452
270625777366728704
710452299499044964
353991664253140992
871954194586800149
889165998131908649
902933698691866685
730280212838744095
893511045111513109
910479588084310016
239789235463389184
915958470665183243
344324147330940928
923972809322004490
215154221186547723
921384268037517372
156993561944915968
632011839290736680
448365095215431691
704060692226900028
353451451575697419
225090200643043338
459714945462960129
219075277215498241
267724844638928896
928308892222513273
253324289699217410
809708763014889513
398151340284706829
121706320997908481
173492821309915138
182676008804155392
329616384940310538
256796149585805313
391436652175818755
855148275145769020
556619731843678210
660862481480286208
754691167878119505
739737933933707285
212703888523001856
431923299241689109
197231034503397376
184382018656796673
456463784312176670
911745306914340864
496431778161229824
737694874727612498
324751234605121537
425409642399793162
857332265473409064
445067984487186462
840456502796091413
813461182731255908
228392279822303232
542934946767962122
339819576457953280
402733727584616449
336867564330287105
466379305601990656
403067014836518932
503730904011636736
424398948547952642
240282437140217857
271061591515070467
797026587920957450
478809478716981248
331211777511653378
424588374582493184
194508550444285952
919692858045378590
908819468048793601
430967985859985408
392917628961947650
358454012980232193
225025531530313728
810805459098927155
806724809853239297
353970334208098304
752292815635218524
405222236140732417
457574018984312834
669192570223722508
919617019014434816
791213173641707550
276284837294243841
724815807716130846
154782882194259969
747882821875531776
434397582241038337
819712160887865404
791767499972542506
516261801550282752
927066584495816724
581487257089736715
873418363106385950
756853071031697521
623332356543217664
154257026640379904
225305866356654080
450287099434893334
880821393254678609
764470353866915880
787221309209575455
231802940082487296
616919038802526240
909683970411733012
413127441536647168
770104566691004496
879414525147889747
760563945332277289
923816792806264882
687190324455669775
423873584415375372
552928186334445578
766570304197623879
185830635657494528
716709306065617037
482595059183648779
480974458836746242
333811765769142272
208448556850216960
373631294619516928
212412128274022400
894670351408173077
377991429517213696
444562288419274754
127211365570969601
893021944981626911
386734847231655936
338145510030442507
297668347104067587
226809551821733890
267441496771395584
867471873142292490
519965112535089152
746785311891390666
248926213576327188
395519999512412161
446348934797852673
282997478599688199
312794491490664451
928582235605581844
665874401052459018
180809450204954624
659111550442799114
912123645600616598
481468181471297536
449749643752898560
302489576704835585
379668773860540417
891417785480147035
886385723786293308
752659588582473858
735206574657896581
500037951208816670
330695871484395532
168579585548615680
742531799241982082
895515584949780498
349988919426678785
510947945231941638
904893294213992488
600763541682913289
473085740910379018
581846591644631055
863787671176609793
421872820180746240
608429418431512589
595097977065046027
908953440464568420
920400090810683443
684941160489156683
800945840037822474
761050214235766824
404052421057445889
929750897905516647
610455665810472971
749728140485722154
235226383540813824
332237276308570113
849135604037451797
301036444724756480
388072579916890113
507752031742853121
873423817001828383
760664830599888919
926914398973468733
382721394875826176
771729927942701056
926247203364806697
919511677765038080
283209166728986624
783038957813628938
635792761815171082
901716159940919316
520320809139568651
697431222074212373
811045878344974366
285398219679203328
644227818020012052
929158775833755729
899009246363017256
228561274806468608
440302673154015243
392515065242320899
333420748033097728
828312309373337611
836300680507293707
352257747875528704
283681489219092481
343883834099761162
570694682934378506
881973311574253609
409104483021226002
199953959371276290
774323369498771498
883416702988218378
926511322215108668
893986407415185418
335512225756217345
913669346633592842
875268487633854495
469974033597857794
836717108850589807
617466758437142612
875175497846378620
876218562275057665
732927000548868146
596720501276147722
867479101002219530
210372961054621697
797267613724966943
311011987028967425
793269756521611264
673536941379026995
750275385140314113
251324804408410112
229712701725736960
646140217493028875
271798450180325376
404819051186094091
900018194448805948
927546739513249863
923024190175580190
587650684208545812
686561294295629841
502276650868670465
78317437522546688
691215757857521685
241318564655661056
689663290561003549
425259936189251585
789809621836496908
788862483934478387
148415438093549568
781335628473303050
894121389030772766
185934974157848576
917170071619649566
560984615947337759
904083088634675270
929822289896288347
890781034063478834
914386040985382954
787710690441560064
376380856715051009
432776762594689025
448502711676174336
736495903422021633
148443626760830977
690224567717068826
779797366479650857
294240489203564544
913325638532886549
149969163081744384
304610908498558976
918275830990405693
644743931170390017
278529405070868480
767400198195380231
400008034820030484
468387515770994688
109939450435342336
926883265070112808
259427607148363777
173976079718023170
496156644846206977
726566682373390418
432664721129340948
397719419054194699
241985957618909204
583434096273784832
404135502862745610
786210662522814506
817570177956839464
244680161310670850
318679553549533185
493200414741626890
581224895841566740
901804991226974270
510875575787978763
280375517226467328
306161597271900173
832663279545090060
832124040251703346
561173043054116923
912853207414358026
420484755650379778
616432092733243405
818674059515658251
671549962688921612
922546661581021204
465343655343816714
408978920415690762
377859351068672000
622195646715265057
434297969924112384
702660008143355955
444592528776232972
706840793897238558
888483414200688700
884718511270813706
241497254941163520
854779908524605481
881400929931395122
607805148244475914
918152273094385674
530092463768076298
270734044512124928
811044158742593537
828791273414590484
789898937905315880
894685117690281986
829504422237306940
894022520666198066
699666501476548679
803964823070310401
345686342702727168
457730656835862530
161473151484690432
162615175914979330
414442974940889099
391404063767658506
226647603972931594
155149108183695360
389561090255880202
661759048072429589
820796550024396800
586681745957715973
719704396056887358
507713103236956189
214128238950088705
869837266707701820
240825057012613123
244805294805221386
309075064589123586
858635258396540948
881718806265872466
748295790702755944
244150706116886538
805624856611651594
303569076112850944
899036063690031194
908652294332088411
907953021361733632
694229454427258910
928379829932408872
501493589663154176
891808484344086528
761632332868223038
432314786672279554
156311331828531201
326036365038977024
380512632668422144
414763387273084938
899429344655577128
333593324160024588
778397576339914764
929157351888519188
294277185311866882
361209294378631199
921584122705629216
889350349499027476
718590058193617018
485849539425861665
711725432176771154
275788680436645890
891055170551685160
603820935459635201
904748442172129361
885533218269462618
443424516526440448
703144489300131941
890975139443925024
882302467520495626
891030952946597938
917546503713751081
627153938214289452
887341567793315880
480512041304719361
760996894658396211
281430224296607744
280067487725387778
844418714891321344
270652382382260237
884157768402079835
917662416098189362
401674643976749056
478907498561273857
434813462191800332
277601775811428352
252325231354576906
469986116506746891
738393041089331240
279752584317763595
208437148075032576
233663463375765506
813874963500630116
536660871980515348
358383154693799936
883045802069614602
793162031657779202
689796608505675778
447893553280974865
694563137499955210
919286041758797845
927962861974724678
414514635476303874
895922912140345415
450884960467943425
897226656056475702
713824398498332733
664933611988058152
925101683959291995
460333539238346752
596002821116002326
867857009582800896
663474359096180736
493118808354062336
289922204320268298
539562868069105664
650510994434555914
600862704441229323
257982651397308433
688429883097088089
698571652291625061
284014271048712192
894316788836352031
854015000803934259
307326894397980673
309319155285229569
532685208986583042
754192629763276922
876626313392295976
546570380148473866
928546277451522088
902332484082098207
867543123624984586
272832664791154690
898692612914036767
505886960779526145
529455229788356638
170977670056640512
288013227650973697
897329997612711948
435483938467610625
300962113663533066
698205462411346001
830731634789187585
522333000986263553
832895913667854368
882710902519001098
841716094812422195
530423934756192266
913121395100250132
693441407561760798
494193168900947969
769606756447682560
813067170136981564
531848840123383810
879885851226693665
282708064170278912
379511166948605953
326209799828275220
911072667099095060
283635791002075137
867477672824143902
860346591838863370
453389665068777472
227288573395599370
869301070181064754
324421294764326913
740663697520853112
242791132684222464
457958451226869792
921345999576895488
535889346730000424
904590192978034709
830293987897114634
294004297845440523
578790376882831360
285109112289624065
303521865132015617
521633727659507713
747420576250855445
693801106425512027
113075726567165952
841357536254623814
688160331125489715
917538474729562152
279174501449596930
480971226018218015
163855154590777344
706167901874421760
413121452204883968
283401956347740160
897958062734868490
806343316404568094
810909518694842378
291569459489931264
571480156707880960
401410996305920001
927975666295652383
671330239082659867
259410092288507904
308560757992325121
404362636151750678
301434717318938634
867468236710740039
822460849846222857
917498430459363368
705596219593850950
790659586557607937
916381678644109403
878823472384585808
297490123434491904
334825153844215808
796035734666608661
629331512353095722
785980920921325599
354364325428723723
566025263557902354
919931363308752928
412765031193772037
852707690526277713
795764826965540865
180584758118580225
928945980483710977
484848563428392961
616521144303878167
573889152974585887
753646638576435311
675663059133530183
351269067253874690
626557425134075915
497083916826705932
782462674151669772
681943319420731570
760773878758244392
887199369844121642
197788232526725132
756917629666590751
295106215774650368
830411981059391498
414029375055593472
321877323756601344
925522434717777920
571075108068917249
895806350599270430
652138372541710377
896040858367971408
872422404041900072
803343330339192852
396758171760459786
405773516114493450
325682195320537098
814894292166377512
306460226993782784
369986995444908033
881730435758043146
912225301206020096
383568457368862722
921226506741628950
457207916877840384
720351927581278219
221306000509108224
908015785052635138
385711692803473408
609876177578098706
713965847265411182
854360386937028648
741944764814983218
309992164115480577
703585182854152222
229199328026165249
695594732893634591
861983713423654922
158325565810671619
108778063566794752
342093318127091715
895355089697509387
702841932782632991
305581201798725633
925924965990146048
270822999270227969
373217245792567298
393853599572295680
402144213766242304
201079977171615745
634785002831478804
677998414616854538
787018157469597747
833050021322555402
294894701708967936
922743844615893032
383274981284642816
508374773416460297
348889091741450241
912753186945761320
844654842038190162
816853656825495562
927083211836772402
227443603209715713
697154357896020019
777027340302680097
394161703413088259
719672102403440682
193208487851982849
771020776039645205
451223033894535168
910558283176247406
312608082666455040
381308158603296770
746445915077869691
243685235651248128
791082851009167371
713137039197077654
838496803048521758
336726630657556480
773595933262741514
807007234861170718
712040148665237607
880945829878333491
415337995806441482
189497092069261313
919459912139038720
152332194646458368
787469610303750184
693416562279055400
910248804463292436
694789276142927872
914527900911423549
317075222605987851
269573800595685377
412276386343026688
206039967791579136
721903675613904907
855520463223914516
445035167011307522
708817132913164289
761556003111698432
749802486755229768
471491028369670146
485903864797724683
912415640369897472
747323489744322650
757847193271926814
809819419853193277
670374246651920414
428063738931839006
368035403799986186
853931357046964254
308683819630854156
518866002470109185
340838834160009217
534662436956143616
187392793524699137
389490274499297290
335667665760813067
406311391994052608
805451615087362118
736799411560120401
899788249646653461
418514595217408021
218050340036149249
902772223436259378
395633768905441283
925746101812875274
446261494909239306
620623025749884939
760085473732722688
719579512769085461
701358643043631135
653932261632245762
711744130186739713
415342893788823564
890739542439637023
777429609272049665
596365399080042499
911658570091737119
570500401707614208
698063098459717642
554842352527867914
878917685713469440
349180457499230209
742068137528393730
149160530060378113
424929413906300930
650809605328338967
352618762391781397
348821228678676481
331544792343511041
202502536031240192
599382635340496962
249711242321592321
310150719191777284
759398353850859531
760220545286537257
442503015874953253
125042154924933120
748328092983885906
280406136136663040
547005357554270218
236891507456606208
923974282919444521
672198654748000286
551840159877038100
325795936414728192
480831557482053633
638107072852131861
474155111329955850
301055564035915788
915288645177573476
533013417225748480
638931465727377408
202555436925190144
867469712979001384
918400854443315211
900281715375886356
763457251833937920
369968421443469322
881978880490078229
899442093322272779
896772874994606081
447956761379471362
669421775142256673
402530898362499072
215291006516592641
914044578720546868
423051700694155295
192239959669735424
706082978236858421
919352122485649468
905767905403228190
217828854604103690
725342934852960409
790273309743906847
154713425400954880
921917942986330183
421941360816291841
285897630935023617
457954789880496151
451532522229071873
336751230246453249
311921866094804993
367131729963515904
528969812081377280
850852912276176937
639848303495872512
821679666804948992
256655417478873088
462308752448684032
903332942267437056
259215670183591938
179156006532546561
908671217383383081
198172771082174464
200380103811661824
809280720924704788
397882617103384586
261766528599326720
189236339504316418
885836543225384991
916053922899165215
871178471097925702
380130114941222915
824709092303962142
387548318252924930
309095287195172864
224907264857866242
827355407386411080
310506423681417226
791189661984358441
926620974726668358
804367964659777556
401402674479759362
505450669835026443
855576165208948777
255809085591519233
927032932386865202
227016111487451138
892937396344225822
594281007767617547
165225152173309952
337240738284699649
707042855226441769
643453740375998488
564210992486023173
928436772034215956
893187932461096960
200050176860094465
856387959657463820
927577376068616244
704861487168094340
337683429913133058
286459292884664320
227047737718210560
483468953771835393
614190771133743124
876119097174290504
756333874321162290
753601873755504670
313042320939417602
658909349279825950
691146637040680991
831415913144123393
541822445745864714
706993820696313878
316225761193230337
284069176824430592
928368252927762474
288062539043045376
337830521864323075
920494300884762644
798710411494817814
654486704069279754
188582134707912704
272548958436458497
351207939329097731
629781996838846484
334042045494722560
220619917982957578
567839242764550162
926877686314438716
857744486473269258
769782893404225558
161412122625048578
334990678646063104
276696477705961472
669210324829863966
297474738824151040
907392191289229363
903385126443057172
497602252127862784
271016130926084097
542853456667344896
911481266191355916
640627558899122177
218611159253778432
268052499556990986
894368671542181909
611410126842232852
388441794205057026
901905457860444160
450147656938029100
338755225630539786
146881976551473152
120890735900753922
432023680986644481
904134241724559451
274181914758217728
556532484821745665
629269747795755018
819494509477232670
341207609753337856
316247692655198212
215587601464164364
523885166976958474
163401729776287744
382285340116779010
809168134463422484
331548705578680330
159985870458322944
716359507009339442
661010046993563704
889252399426994206
404583717613338625
342739511685677068
499899768965955597
868652723816525885
294923523934126086
432533456807919639
490516732256059405
926906369142059029
441654595098247168
347711814886359050
912476687567040552
920602317907165225
923961906866298881
888798622987223091
886374590127939624
927584411938091048
221993245129965568
213547735075258369
793648423361314837
792769838266187806
532200712071938049
136912169282306049
416740002383527947
433645349576638475
326975154120949761
701886872686821566
577137662360551435
792420061393584158
920024102725623808
254607417675874306
657238404819451904
885307901328109609
786027078012108840
917278081771790336
894717218024226856
117289754466320390
429266168012865536
269482557219930112
315918987710169089
834763210858299423
545324499390955530
925901916800684082
150202121730392064
541152220591161354
517031473145184266
495410645798223872
480560794954629120
893876426032447498
749693386570858606
498343163266727937
416546663000178688
805330021903237131
759935557488214086
337462028580945924
905141434859012098
928667124124233830
827777464596037663
358119615089606666
406248981547712513
908217622066262056
116244275003392003
201560102874906624
572953147086209045
323524380833349633
806456383632703519
923971709701357588
379962895779364866
381695802034356224
765756067195912207
695258405660524604
918499696211791913
879518698665300039
857762067868024873
532759209536782337
910825192245297154
204115462693322752
579373152967196691
914930092747149333
399962485312192512
837329377296777246
805385412100751411
865983095667687425
896462131959037992
929057042944122920
919040047892819988
930123481478230056
783907459805872138
390160483367387146
906220276440764477
758669784086347828
830055933253255177
335308988834906122
686341365504016425
590269035829133322
337642715200225302
242595806039769088
724074536836005960
568822957858881566
175782274531328001
721829440400785468
404139389086597120
344572482495315979
808396081204559912
360765193976020992
698423011618848779
802349290617307146
491007843537780738
893583470675255367
897846472589082644
384011890814091264
924198600173576203
281457250407546881
762794758245974036
795847413913878589
896844943807623190
739557301207433236
916389735612706876
837527206413598720
694700178824757249
865581789198942218
904589366532407338
908800915459436604
678411185149706275
686392253895278681
290097059925590028
759412056943755275
330593746171199489
871479628068446239
695673826754822247
690641924427874335
380695563751915531
505721859711565825
213736593150705664
407325819053277194
713825176667815968
904399993903935590
529112632389664784
905468172843515944
598470164467548160
410783195672608768
914284397904134187
754382640655630356
293361325755727872
534104673011892246
706533868110610454
449586200978915338
394135335304560641
457328302735097856
308681781509488650
465620309874311178
814595978014621727
397813292908806164
507648165692833792
397000614334431243
403774197006073858
588783936927432705
341603720976400384
850393503720669226
388454733922435073
545503373697351683
622242113328906250
710024440561532928
288726142184194049
861365664793886763
314419322833469440
310817081840893972
283299242091741184
310503985674977282
563193818132774935
755522884411064521
723135189881978901
769686643636174889
613232372502102045
919946722283749478
464948848624664577
926241349966114888
776359296924909568
706794607907962904
322494220680036352
663871622608060417
184618789390909440
891642404581539862
781619821112066089
870970646644006913
885476853672996866
878456262780678144
333272064977010689
586198992342220823
528782460948054016
888992904146718793
401054334046961675
369257902558543903
135692299500912640
796197538877014016
420763228113600512
929230299450191922
697349785686114335
479585052813033481
732104973638303766
813887726880686110
653017953393967125
261547884988727296
781122353496719370
805976848394879006
867533427590955050
727570803209797792
420420191231541248
596956321287372806
834916275338739712
247363369168797697
509432791209869352
211173717957541888
545211027378143232
227975814564675584
420750175024447489
750069354489446600
911773580071690280
488413817462718465
137391508579024896
409628380879781889
388388627635503106
901540415176597534
331377301688287232
694279284789084190
197100418671706112
181865564082405377
691818962576736267
887783623518986252
911078121413959711
478466314193862657
641442955151933440
707187173677334568
881828012251828265
919921650915504258
267414468584013825
601861626039107586
784346178392555582
627825929925689384
428253105914773515
233235695315976192
597222424400101387
349966845215768576
602801576461205514
201104475384053760
568515361067106331
801887509508128808
414867729183670285
145290484347043842
555262318959656961
718633917154066473
770961617017241600
355986333052829696
834054014747279406
71979642583527424
323215668214497280
898606366988587008
741513725550264411
206948176257613826
730782378649190550
827556005318492231
268111719413317644
798950406654001183
462806399408406551
486679807866961921
920420985675608125
657848787473268746
161514950852870144
874397028749307956
429938382093942784
235446001677107210
871645380603944970
451169887713230859
382357427162578947
925043171136765973
732239184219209808
325405771556716555
137704741412012032
791705712392273921
424292817020518400
518178503628161039
906443373903245383
741900685536133120
588352322438955011
461336378509099028
911255301636902932
156708395204739072
819434260892745729
843559926802808902
863254884887691264
570227624404713476
928329699510353920
227070731840651264
864370715033075754
807438197431730216
456243780568350724
926204727019069480
358538886710034433
924934408555859999
914552407374057532
538638930380193792
307605416244805632
446368075311218688
215078360106270721
280102513426956288
892482572003729429
872544048043409519
130841589542158336
899833411907244033
318855960967774208
199757785381077004
299576335234367489
200039753117204480
478241797609357371
237173934347255809
320962280269414400
202829865370648579
194674913628520449
409576512908427265
303613631864504320
889735028639137812
922467093973192775
393014577677467649
473249694630543371
623801049991479296
713183773306519583
347659211200659456
806139372050710528
804612416498958336
688862232456462402
394065335822712833
884931129914826784
868346690665607209
305455350457434113
715755795056164884
247511124101169155
699335269001855006
343485257703620619
329759580651520000
318510804561428491
328056211327025153
178726579717799937
926805985362862120
423911083171119105
703282122454204528
545694702385627138
899190114276737034
447472737070481419
901539976989261824
180062332947398657
421776602771226625
914902915938918431
852816699617968150
923752729153777724
696054899041108051
235376577511292928
903188703185350687
870278873403768882
175349125129175040
357337449774579712
367517087653953547
740579942307332117
528994954006233088
769258514933481572
691317381561057311
155804232820195328
182633516784287744
233975209575579650
786074607261319179
349258706761809921
846771397819629599
278549070749106178
474039247578464268
197977181656317953
147006359592894464
787727706728955914
367147646705467403
730330156404703306
488468306408243200
548901743413690378
927764789961318450
601077917459677234
322465418642063360
911009692392783943
548548001589887003
422255898530938880
298841678091911169
479117735570440193
516317981878255630
159875339005329408
826971438329364490
251439214967652354
816063599117205544
835965719464247307
373031965202579456
807475940539498546
809193924451237938
870265047769813003
708858046058856479
921180097715765248
383292973200179202
259755977430138883
753692933269487818
606511168906854400
904177841351065660
169437974742695936
918195059600543784
547956357488443394
203210127405350912
225712137136242688
459935227406712842
499618122035232789
193565733848875011
162290315645026304
212253753544278016
912583716621152286
726853578496671769
562013440390987818
361758079911460864
118774969097388032
165825093677744128
467965508126244874
780196944575332403
280187760235773952
211749337552650241
340541055667798016
601257330461638656
918661260617351230
912234092182007858
809934906187710495
925435014567575562
439396130225127424
912905170688544799
849680660464926770
381840761882148874
761574330659241985
471755356670787595
825006796942737439
321215940744183819
897533433444704297
783716376996085760
857509807425978420
481266186542252072
123167814570868739
664206798273904680
386616718652342276
608336651588206613
374235591178584065
476814216028880898
670202155390599188
482458640541024256
640752283201830928
917603099009499197
192212734065115136
190873993354543104
505185586907185182
820751565232275486
170506304090013696
647967025687298064
403744763431485463
834954990719991819
520919026155651074
750166878818795539
563820800713687050
569111896117084190
808963365275041832
881580746421194832
227000533473427456
315606716161196032
449957479036485633
426979418238484511
142706903397564417
694666401239007353
261637041949769729
169175121037099008
821004560705257502
838891103369035806
496982485687599107
712866941748117507
256661375399624706
771700863894421505
848322159881617498
826270839678828555
923046264009031681
422240682070245377
891327309431312394
860670035201490946
263116060851437568
345327446456926210
823169618839076912
647180154514440231
920411099306811442
816520469749432342
905861767752720415
599219904280789013
389329885547462657
168414556756901888
900434587845546025
912481267134644224
921707420596719686
703351267891609670
468419740688187393
925583094961012776
129696641543438336
518173975323476003
200030460582166529
315986521595576322
920730999078416465
652210401811103777
160218784785891328
666896953333907486
699460523510726718
831130074417594390
186554572142018560
541678253417693196
869618173194928139
274976134167527426
303013979721039874
381113926043303946
722984509708173335
894099363918397460
885134172300128276
428273817442582538
224529909559721984
134826140782166018
542314964514373633
914955161514954782
239779400361443338
711409372626026506
848249626242842715
586223254541434920
285492968369029120
379413495764221953
318322190980218881
292649015462461451
503584029493166080
904182325158481930
558720527842279452
821655996174827571
408249760777240577
382020146132287488
385469718301114379
866400562139234357
929762190704144414
896564342802219048
583613090080358400
313982171322777600
782944924601155584
929752025217003601
222624264996651008
802836306727796768
756248709938806945
846210004868530196
847150873984892928
779048199918190623
896773265505280021
427060733923164160
692752282869039197
920007853853536266
619556844108644373
709108142939701290
168091766363258880
199666247980285954
693461613902299196
778582792517845002
805392698692730902
291592231247413248
120376124457877504
582065924975230976
696180586510811137
884929727423471626
921130404185010216
349889754063699968
214102525962485761
927858973690957905
508747825769873418
349045960107884545
751260349998694481
506128135268335636
279465533588504577
830982621404201031
810664540731736134
490148770428878858
553840354223325186
840127044650139658
616420532136443945
921077362953703425
716463292838707251
390508826304053248
325917411708633092
584932799237062657
875892504090787920
415931801769345026
453436052548485122
705639675120844860
926872786574655559
355390147321135107
425732979835404291
381207892461879318
694237244147499009
477530317381566505
442001764095492116
880151493779550298
455021882203439105
214398347073683456
552873197159317505
326881943604035585
329746659820961794
754086906379108372
922822467905540106
382965017877676032
702967830697476117
892135571797999627
821101411147448383
601580896616972290
267805615324135424
122566843838758912
375481518908506112
532862978869952512
399108372592590871
425232595303923713
901389408345944075
724137446203457597
745224732856811531
563626972492726292
527605994788880400
929978477971664926
350116671752634368
880746864784326686
367665628049571841
